k = 50;
furkan = 222;
